3.66477 -3.00275
3.5202 -3.19625
3.55045 -3.47137
3.61146 -3.839
3.97214 -4.10444
2.53611 -3.33197
3.33414 -3.18248
3.7892 -3.7364
3.27388 -2.87031
3.88077 -3.45712
3.66376 -3.81452
2.95261 -3.24069
3.58471 -2.62818
2.31253 0.00265052
3.04065 -0.0883214
2.84431 1.22769
2.11002 -0.200295
2.47438 0.907125
3.14276 0.774458
1.19768 0.126194
3.47024 0.571731
1.91299 -1.09716
1.99008 -1.40933
1.76565 -0.554494
1.35971 -0.485528
1.77839 -0.96784
1.43915 -1.44961
1.25024 -0.793748
1.47022 -3.38896
1.27573 -3.4896
1.00487 -4.57421
0.913923 -3.87682
-0.159665 -3.4186
0.287702 -3.07887
0.299351 -2.92456
0.197288 -3.15908
-0.370245 -3.25694
5.79426 1.35997
5.06305 1.71314
4.45619 1.57033
5.69304 0.533538
5.41251 1.59444
5.17251 2.19936
5.08211 0.91437
0.993231 0.727786
2.71088 -0.722721
3.43901 -0.813693
2.72006 -1.36716
3.65945 -0.526131
3.46616 -1.09991
3.27955 -1.11599
3.05851 -0.607926
2.97343 -0.844948
-2.50096 2.98441
-2.48601 2.28345
-2.41346 2.3932
-2.21318 2.84231
-2.82501 2.62995
-3.41123 -2.98528
-3.78167 -3.19869
-3.39081 -3.83121
-3.00125 -4.30785
-3.30467 -3.28386
-3.06339 -3.25559
-3.94792 -2.75656
-4.31836 -2.96997
-3.84135 -3.05514
-4.68413 -3.39395
-3.09478 0.75501
-2.78195 0.805797
-3.99256 0.706822
3.28295 0.358415
2.49624 1.0663
1.03898 0.932775
-0.505152 -0.326918
-0.679776 -1.22804
0.364815 -0.855393
-0.243464 -0.207557
-0.600518 -0.884488
0.35644 -0.359225
-0.511024 -0.757126
-0.208596 -0.146562
-0.301835 -1.26794
0.246965 -0.667445
-0.143462 -0.540471
-0.479826 -0.778289
2.90761 2.71398
3.74949 2.24233
3.27999 2.64929
3.58307 3.25135
3.13937 3.07633
3.7808 2.63599
1.34918 -0.00944907
0.40408 0.666828
0.27912 0.407365
0.620744 0.309063
0.12809 0.421585
0.727994 0.269917
0.0878517 0.910991
0.432932 1.26892
0.188625 0.640438
0.291761 3.74212
-0.917556 2.72079
-1.03402 3.15878
-0.731465 3.38051
-0.331113 3.38836
-0.265874 3.26001
-0.806816 -0.778303
-0.98144 -1.67943
-1.07815 -1.63465
-0.902183 -1.33587
-1.55452 -1.32245
-0.812689 -1.20851
-1.81945 -2.2474
-0.6035 -1.71933
-0.915374 -1.49563
-1.72864 -1.43842
-0.78149 -1.22967
5.74288 -0.0152549
5.84929 -0.0540553
5.65947 0.116226
5.86856 0.360077
0.709278 -1.27697
-0.281403 -1.41637
0.763188 -1.04372
0.30594 -0.410102
0.647563 -0.508404
0.699608 -0.896489
-0.112651 -0.945451
0.189777 -0.334886
0.215444 -0.177029
0.261149 -0.703372
0.834246 -1.51163
0.645338 -0.855769
-0.0814529 -0.966613
-4.19055 1.96282
-4.77723 1.61551
-5.47317 2.0924
-4.5089 1.77833
-4.72832 1.15228
-3.06897 -1.9572
-2.61078 -1.10039
-2.22681 -1.23927
-2.71716 -1.69773
-2.63032 -1.41852
1.91867 -2.94753
2.7167 -2.79805
2.07493 -1.96142
2.65644 -2.48587
1.73569 -2.44318
2.8461 -2.15174
2.96727 -2.24374
-3.59452 2.71884
-3.42225 2.16222
-2.84726 2.03203
-2.38309 2.53244
-3.27241 2.92724
-4.00893 1.8149
-2.59835 1.54537
-3.18626 2.37853
2.43724 -5.38303
2.14943 -5.47078
3.06925 -4.66723
-0.933866 -2.32045
-0.897568 -2.76903
-1.12596 -3.22195
-0.757897 -2.02167
-0.641662 -2.6709
-0.995413 -3.71547
-1.05501 -3.28679
0.278495 -2.46049
-0.736921 -2.97924
1.64903 -3.17855
1.45454 -3.2792
1.94466 -3.58316
-3.30205 -2.54749
-3.67249 -2.7609
-3.19548 -2.84607
-2.95024 -2.28802
-3.39306 -2.34966
-3.40609 -1.86221
-0.774096 -3.25315
-0.65556 -3.84352
-0.871941 -4.19959
-0.402868 -3.62502
0.056148 -3.13098
-0.0459153 -3.3655
-3.13805 0.892005
-3.49808 1.65436
-2.92308 1.52417
-2.82523 0.942793
-2.67417 1.03752
-3.81642 1.46986
-5.1352 -0.436631
-4.4118 -0.474647
-5.26977 -0.484908
-4.85437 -0.559154
-5.02591 -1.10508
-4.7825 0.0505474
0.67703 0.887151
0.552071 0.627688
0.861467 1.72641
1.00094 0.49024
0.435908 0.702904
0.92598 1.33506
1.99316 1.4131
1.66439 -0.00952734
1.1512 0.0985849
0.65855 0.211107
1.25845 0.0594384
0.758552 -0.121807
-4.40002 3.39764
-4.22775 2.84102
-4.0779 3.60604
-3.99176 3.05734
-1.40744 -4.26861
-1.64497 -4.58342
-0.533261 -5.20321
-0.807815 -4.18756
-1.5025 -4.84763
-0.909332 -5.15079
-0.583969 -4.79255
-1.04849 -5.01091
-1.0184 -4.02589
1.95032 2.81929
1.62732 2.98319
2.41682 3.67267
2.13156 2.9541
2.00319 3.38148
2.52174 2.85492
2.82482 3.45698
2.38111 3.28196
2.49779 2.2137
1.96459 3.32702
1.75913 3.22838
2.86089 1.7538
3.92678 0.60794
3.75593 0.635174
3.20933 1.04789
2.90923 1.02525
3.57761 0.892581
3.90508 0.689854
3.09499 0.235569
0.952627 -1.73648
1.55144 -1.61869
1.00654 -1.50323
0.27276 -2.65156
0.731776 -2.15751
1.0776 -1.97114
2.51828 -5.08385
2.23047 -5.1716
3.15029 -4.36804
2.56507 -4.16497
-3.6585 -2.25738
-3.04574 -1.60273
-3.74952 -2.05954
-4.55996 -1.91859
-4.71909 -2.26425
-3.78262 -1.10415
-4.08525 -0.939271
-4.52781 -1.02378
4.49641 -0.53785
4.4181 -0.397827
5.04834 -0.235888
4.2248 -0.971608
4.62724 -0.0253364
4.43699 -0.694766
3.81715 -0.479621
4.15936 -1.07969
-3.5549 1.03554
-4.08719 2.35452
-3.91492 1.7979
-4.5016 1.45058
-4.23327 1.6134
-3.61512 1.87622
-3.67893 2.01421
-3.97331 3.16788
-3.80104 2.61127
-2.95321 3.03994
-4.85168 2.96515
-2.94874 0.495906
-3.47583 -0.0774758
-2.63591 0.546694
-2.70278 -0.0413321
-3.29251 -0.361413
3.78342 -2.46498
3.02271 -2.24957
4.04041 -1.54856
3.63885 -2.65847
2.84925 -2.69355
4.24201 -2.26309
2.96978 -2.30274
3.99942 -2.91935
3.70336 -2.0904
-0.175067 0.0611749
1.2398 -0.582765
0.362611 0.425779
0.6949 -0.467299
0.237652 0.166316
0.579275 0.0680145
0.686525 0.028868
0.121489 0.241532
0.147156 0.39939
0.611561 0.873686
0.57705 -0.279351
-2.92134 -5.04912
-3.19008 -4.71574
-2.58113 -4.69243
-1.94204 -4.72038
-2.19157 -5.16907
-1.57396 -4.89908
-1.2064 -5.28775
-1.34557 -5.14786
4.29584 0.52939
4.1433 0.0987905
4.25507 1.41008
3.64821 1.26726
4.88506 0.230472
4.06499 0.238814
3.60232 1.61056
4.12498 0.556625
3.94666 0.814031
-3.07795 3.85042
-3.67754 3.03809
-3.50527 2.48147
-2.85772 2.46103
-2.65744 2.91014
-3.20547 2.55979
-3.26927 2.69778
-6.21833 2.51907
-5.98636 2.74339
-1.36641 -2.48229
-1.33011 -2.93088
-1.55851 -3.38379
-1.79604 -3.69861
-1.21158 -3.52124
-1.07421 -2.83274
-2.34898 -3.12331
-0.89176 -2.56697
-0.595416 -2.51703
-1.16947 -3.14108
0.34559 -1.57293
-0.565834 -1.36877
-0.449598 -2.018
-0.47634 -1.2414
-0.173912 -0.63084
-0.267151 -1.75222
0.124739 -1.99395
-0.579024 -1.52853
-3.54573 -0.977511
-3.84835 -0.812632
-2.71884 -1.06393
-3.07531 -0.776488
-3.66503 -1.09657
-3.06578 -2.55308
-2.0978 -3.17698
-2.71794 -2.82339
-2.71398 -2.29361
-1.49313 5.46373
-0.828416 5.53344
-0.0151281 5.09703
-0.89868 4.90817
-0.296561 5.22776
-5.45614 -0.203014
-5.5907 -0.251291
-5.15235 0.747393
-5.80978 -0.246199
-3.11348 5.41647
-3.04156 4.91336
-2.8589 5.38019
-4.86386 -4.13824
-2.53147 4.46835
-1.9214 3.72576
-2.39875 3.67017
-1.61707 3.69135
-2.80894 3.86442
-1.88908 -1.47385
-2.01616 -1.12313
-2.15004 -1.86902
-2.60588 -1.44321
-0.546164 -2.11246
-1.24993 -1.64703
-2.06319 -1.58982
-1.11604 -1.38107
-6.03856 3.21716
-5.80659 3.44148
-1.98824 1.19399
-2.58214 0.924321
-2.09936 1.56813
-2.67651 0.187736
-2.60744 1.61545
-2.43108 1.01904
-2.19187 0.848382
0.229501 0.65235
0.446165 0.294585
-0.0464887 0.407107
-0.403543 -0.269824
-0.0867269 0.896513
0.258353 1.25444
-0.0116213 0.468102
-0.725823 0.606405
0.0140461 0.62596
-0.120802 0.747024
0.44394 -0.0527806
-2.60091 0.972446
-2.38594 1.60461
-2.28808 1.02323
-2.13703 1.11796
-2.72494 1.95111
-1.89782 0.947295
0.727527 1.27919
0.602568 1.01972
0.911964 2.11844
0.976477 1.72709
-2.82572 5.59694
-3.32467 5.39798
-2.90355 0.272877
-3.12802 -0.465385
-3.43064 -0.300505
-2.59072 0.323665
-2.6576 -0.264361
-2.43966 0.418388
-2.20046 0.247726
-3.24732 -0.584442
-2.70463 -0.73105
-3.03274 0.864713
-2.81777 1.49688
-2.71991 0.9155
-2.35359 1.99729
-2.74521 1.60663
-2.56885 1.01022
-2.97011 5.98978
-2.89819 5.48667
-2.71553 5.9535
-2.05082 6.02321
4.52384 -1.05135
4.44553 -0.911327
4.76984 -2.0243
4.87698 -1.56455
3.93622 -2.1475
1.67835 2.10839
0.865775 0.84282
1.3262 1.92732
1.48827 2.78319
2.18259 2.0793
2.24872 1.31626
1.39071 1.53597
2.63513 2.20349
3.69442 2.14703
3.67605 1.83215
3.85929 2.03863
3.25243 1.89582
2.81638 2.3383
2.688 2.76568
3.20655 2.23912
3.70736 2.22582
1.27635 2.07856
0.924209 1.89749
0.768624 1.66032
0.988722 1.50614
4.46481 -1.23362
4.59949 -2.84008
4.09349 -2.61865
5.34081 -2.50648
4.71081 -2.20657
4.81795 -1.74682
4.1932 -1.66738
4.40539 -1.39054
4.48464 0.381799
4.96746 0.121681
5.07386 0.0828809
4.88404 0.253162
4.31379 0.409034
4.13546 0.66644
4.46294 0.463714
3.87389 -0.498636
-1.68882 -2.67682
-1.57028 -3.26718
-1.84626 -3.19457
-2.70768 -2.86925
-2.46641 -2.84098
-2.46244 -2.3112
3.5631 -1.70861
3.60487 -2.47749
3.4603 -2.67098
3.27424 -2.65722
3.59025 -1.99483
3.60386 -3.28926
3.09752 -1.73987
1.61863 -0.745099
1.55073 -1.07737
1.00582 -0.961901
0.890199 -0.426587
0.997449 -0.465734
0.129985 -0.863634
1.25987 -1.93416
0.887974 -0.773953
2.74224 -0.316094
4.40447 -0.089046
3.27403 0.908944
3.69081 -0.119504
3.57248 0.455713
3.89995 0.252986
1.17687 3.01642
0.986801 3.69122
0.470021 3.67076
1.55274 3.41472
1.10506 3.5471
1.51414 3.36026
0.889241 2.444
0.363927 3.33747
0.429166 3.20912
-0.0426051 3.5733
-0.549051 3.23215
-1.07981 3.1828
-0.148699 3.24001
-0.0834601 3.11165
-1.17472 -1.86277
-1.27143 -1.81799
-1.09546 -1.51921
-1.7478 -1.50579
-1.51841 -1.44251
-1.00597 -1.39185
-1.41774 -0.642985
-0.404889 -2.1444
-1.10865 -1.67897
-1.07449 -2.47678
-0.974769 -1.41301
2.83746 -0.621426
3.56558 -0.712398
3.36924 0.603612
3.78603 -0.424836
2.63495 -0.824372
3.59273 -0.998617
3.80492 -0.721775
3.18508 -0.50663
1.72401 3.99895
2.70358 4.01364
2.28995 3.72245
-1.5341 3.44389
-2.01145 3.3883
-1.53232 3.18775
-0.723322 3.75063
-1.36707 4.09775
-1.76053 3.36013
-1.72367 3.24621
-0.829416 3.41734
-1.30736 0.97592
-0.831653 0.431015
-1.99911 1.28763
-1.53493 1.78804
-0.871891 0.920421
-1.51099 0.630313
-0.725413 0.123524
-1.06802 -0.139717
-3.53682 -0.654675
-4.28201 -0.574302
-3.65612 -0.773733
4.14328 2.39307
4.30816 2.28468
4.41761 2.77089
3.65541 2.48516
3.9585 3.08722
3.33137 1.8213
3.99975 1.68863
4.15622 2.47186
-2.38281 0.724225
-1.00038 0.499777
-2.09528 1.46615
-1.91892 0.869736
-1.67971 0.699074
-2.46846 2.77935
-2.4535 2.0784
-2.35565 1.49702
-2.21754 2.75118
-2.38095 2.18815
-2.18067 2.63726
-2.87865 2.97361
-2.20459 1.59174
-4.44229 -3.34806
-3.96528 -3.43323
-4.80806 -3.77205
-5.13243 -3.14152
0.386742 1.29026
0.923324 2.31059
0.571179 2.12952
0.0705144 1.53443
0.415595 1.89235
0.14562 1.10602
0.175618 2.50328
-2.60945 -5.81567
2.03768 6.03054
1.98318 6.31075
2.28028 6.56353
-4.59747 3.38531
-1.4997 7.19084
-0.85363 6.47217
-0.3225 6.44471
-0.341312 7.03927
-0.232917 -2.21357
0.552602 -1.38801
-0.259658 -1.43698
-0.117595 -2.68357
-0.0504691 -1.94779
1.02648 -1.52139
0.329771 -2.34384
0.341421 -2.18953
-0.362343 -1.7241
0.245875 -1.89785
0.239357 -2.42405
0.68724 -2.00316
-0.22846 -1.45814
1.16006 -2.66547
0.248633 -2.46131
0.48019 -3.58054
1.46801 -3.40447
1.1062 -3.79169
1.88451 -3.31319
0.269609 -3.41888
3.82108 0.222898
4.06672 1.79011
4.27237 0.801036
4.04836 1.47524
3.62474 1.53891
4.04152 0.51046
4.34106 2.16793
3.55491 1.24099
4.75988 1.94977
4.74151 1.6349
4.92476 1.84138
5.55475 0.661779
5.27422 1.72269
4.77282 2.02856
-3.07748 0.250711
-3.30195 -0.487551
-2.76465 0.301498
-4.46254 -0.332932
-2.6136 0.396222
-1.29905 0.140231
-1.51306 0.804498
-1.9559 0.629552
-1.71669 0.45889
-0.931118 -0.047898
-2.22087 -0.519886
-2.6905 5.82698
-2.43592 5.79069
-2.89605 4.71993
-0.192586 -0.12848
0.345092 0.236124
0.220133 -0.0233391
0.561756 -0.121641
0.0691024 -0.00911843
0.669006 -0.160787
0.175342 -0.31661
-0.00521119 0.330798
0.559531 -0.469007
0.169105 -0.342033
4.43275 0.18902
4.28021 -0.24158
4.2019 -0.101556
4.48182 -0.956106
4.26189 0.216254
4.00861 -0.675338
4.2208 -0.398496
3.822 -0.691416
-1.48973 -3.80566
-1.00542 -3.25461
-1.35918 -4.29918
-1.41878 -3.8705
-0.666257 -4.3296
-1.13078 -4.54796
1.1853 4.45221
1.46048 5.15726
2.16488 4.4669
0.908328 4.96774
1.40598 5.43747
0.961683 4.6745
2.66131 2.46169
3.07957 2.0537
3.03369 2.397
3.00975 1.75578
3.5345 2.3837
2.26596 -0.214514
2.37948 1.41851
2.99409 -0.305486
3.21453 -0.0179239
2.06346 -0.41746
3.0962 0.557293
1.10541 0.435373
2.61358 -0.0997185
2.52851 -0.33674
2.49332 2.50764
2.29428 2.40732
1.97128 2.57122
2.47552 2.54213
2.8657 2.44295
2.30855 2.91505
-2.70952 0.282982
-2.93399 -0.45528
-2.46357 -0.254256
-3.67918 -0.374907
-2.5106 -0.720945
0.0504313 -3.15843
1.03825 -2.98236
1.19451 -1.99625
0.497797 -2.8187
0.509447 -2.66439
0.407384 -2.89891
0.595139 5.51669
1.11231 5.41761
0.560165 5.2281
0.278732 5.35882
1.15902 4.28296
-4.11821 -0.758537
-4.56078 -0.843043
-4.73232 -1.38897
-0.0888192 1.34491
0.256261 1.70283
0.0119538 1.07435
0.476359 1.54865
0.988038 -1.61076
1.66394 -1.80514
1.04195 -1.37751
0.926323 -0.842192
0.978368 -1.23028
0.166108 -1.27924
0.375297 -1.79006
1.45225 -1.36365
1.61101 -1.85832
0.755537 -2.18611
0.539909 -1.03716
0.671642 -1.74012
1.11301 -1.84542
0.53334 5.47553
0.498366 5.18694
0.258561 4.65095
0.216208 5.59588
0.551721 4.8937
0.216933 5.31766
-4.95005 -0.768065
-4.84075 -1.43652
-4.04333 -1.09002
-5.30369 -0.811251
2.66743 2.51427
2.9349 3.26734
2.64964 2.54876
2.83826 3.40051
3.03981 2.44958
2.89919 2.87662
3.01587 1.80837
2.48266 2.92169
0.551336 -5.22012
0.841047 -5.22354
7.06583 1.47869
5.25652 1.05788
5.21575 1.93856
6.37736 2.05211
2.11057 4.39405
2.06241 5.90858
-2.15582 -4.66414
-2.40535 -5.11283
-1.78774 -4.84284
-1.92621 -5.46687
-2.01335 -4.92834
-1.55934 -5.09163
0.836668 -1.45545
0.890578 -1.22219
-0.214427 -1.99865
0.156801 -2.37052
0.961636 -1.6901
0.772728 -1.03424
-1.17093 -0.548216
-1.40597 -1.85315
-1.91864 -1.09236
-1.68925 -1.02908
-1.1768 -0.978424
-2.1796 -1.48754
-1.58858 -0.229557
-1.27949 -1.26555
-2.09275 -1.20833
0.099898 0.520226
-0.709115 -0.700728
-0.025061 0.260763
-0.176092 0.274984
0.423812 0.123315
-0.21633 0.764389
-0.443652 -0.274586
-0.141224 0.335979
-0.115557 0.493836
-0.0698519 -0.0325075
0.314337 -0.184904
0.564905 4.44796
-0.483902 3.3491
0.3251 3.91198
0.524221 2.8394
0.61826 4.15473
0.960134 3.78831
0.744319 2.68522
0.219006 3.57868
0.284245 3.45033
-1.19735 -0.250222
-1.29272 -0.807791
-1.94506 -0.794366
-1.71567 -0.731088
-2.07214 -0.44365
-2.11918 -0.910338
-6.50119 0.979818
-5.64461 1.5879
-2.48267 2.8811
-2.46772 2.18014
-2.23175 2.85293
-3.36106 2.12583
-2.74291 2.38865
-2.80672 2.52664
-0.0845808 -3.272
0.362785 -2.93227
-0.186098 -4.23523
0.272372 -3.01247
0.720254 -2.59158
-5.15381 -3.27571
-5.47819 -2.64519
-0.86203 -2.48727
-0.803907 -3.48144
-0.666537 -2.79294
-1.07989 -3.40883
-0.551216 -3.26295
-1.2459 -3.92301
-0.187745 -2.47723
-0.194263 -3.00342
-0.761796 -3.10128
-0.222189 -5.3387
-1.10428 -5.52164
-0.59826 -5.28629
-0.272897 -4.92804
0.129269 -4.5342
-0.737423 -5.1464
3.48182 -3.83938
3.99373 -2.80124
3.20451 -3.18286
2.8966 -3.63631
3.14425 -2.87068
3.53413 -3.8149
3.33391 -2.53655
-0.569279 -4.23539
-0.78566 -4.59146
-5.38767 1.23369
-5.33876 0.77046
-6.04511 0.240097
1.79619 -2.52073
1.62274 -2.96471
1.42825 -3.06536
0.887792 -2.9017
1.91837 -3.36932
1.84475 -2.97408
0.797379 -2.9819
1.24526 -2.56101
-0.928535 -1.98152
-0.752566 -1.68274
-0.663072 -1.55538
-0.52101 -2.80198
-0.453883 -2.0662
-0.0619938 -2.30793
-0.765757 -1.8425
-0.73159 -2.64031
-3.60061 1.7282
-3.02562 1.59801
-2.7767 1.11135
-3.91896 1.5437
-3.30081 1.80652
-3.51789 -2.7247
-3.88833 -2.93811
-3.41133 -3.02328
-4.24781 -1.83999
-3.60891 -2.52686
-5.75417 -2.06478
-5.9133 -2.41043
3.10651 1.80071
4.1658 1.74424
4.14743 1.42937
4.33067 1.63585
4.68013 1.51716
3.67793 1.83634
4.20059 0.782402
3.35388 1.17248
4.02226 1.03981
2.00327 2.61669
1.48124 2.68028
1.12909 2.49921
1.29116 3.35507
1.98548 2.65118
2.37565 2.552
1.40942 3.21095
2.23503 2.97904
1.8185 3.02411
1.1936 2.10785
1.61305 2.92546
-2.89131 0.591758
-1.98458 0.912215
-2.51827 -0.296196
-2.67285 -0.0940389
4.97041 -1.93972
5.07754 -1.47997
5.86771 -1.0581
4.66498 -1.12368
-1.35606 -2.13336
-1.41647 -2.53717
-1.92914 -1.77638
-1.16057 -2.43904
-2.19406 -2.70134
-2.1901 -2.17156
-2.55731 3.01734
-2.54236 2.31638
-1.96172 2.37881
-2.07818 2.81679
-2.4698 2.42614
-2.9675 3.21159
-1.24496 -4.22716
-1.30456 -3.79848
-0.775887 -3.65259
-1.47057 -4.31266
-1.01657 -4.47594
-3.56054 0.332925
-3.78501 -0.405336
-4.08763 -0.240457
-4.5302 -0.324963
-4.45832 0.284738
-3.90431 -0.524394
-0.604715 4.15628
-1.24846 4.5034
1.90753 -3.13165
1.71304 -3.23229
2.20316 -3.53626
-0.767869 0.0935402
-0.942493 -0.807585
-0.230191 0.458144
-0.506181 0.212902
0.0937228 0.0612332
-0.546419 0.702308
-1.42472 0.582861
-0.471314 0.273897
-0.445646 0.431755
-0.580495 0.552818
-0.406179 -0.120013
-1.27036 4.83537
-1.20333 3.52183
-1.34063 4.2101
-1.69722 3.35855
-0.832319 -2.24302
-0.796021 -2.69161
-0.540115 -2.59347
-0.424793 -3.06348
0.0225727 -2.72374
0.0342226 -2.56943
-0.0678407 -2.80395
-1.57145 -1.31583
-2.74204 -0.809152
-2.14453 -0.958844
-2.29911 -0.756687
-1.91515 -0.895566
-1.4027 -0.844907
-2.27161 -0.608128
-2.31865 -1.07482
2.52548 -1.27515
2.45758 -1.60742
3.18105 -2.60362
2.36121 -2.36357
2.96475 -2.31473
2.90449 -2.00256
3.28076 -1.65234
3.09415 -1.66842
2.78803 -1.39738
3.21531 -1.76043
3.59466 0.200668
1.68682 0.0320138
2.87721 0.640621
2.76287 -0.171703
-1.56728 3.11629
-1.5655 2.86015
-1.79371 3.03253
-1.95712 2.4695
-1.75685 2.91861
-0.797357 2.96139
-2.82658 -0.189603
-2.28928 0.599446
-1.99969 -0.276018
-2.35616 0.0114203
-1.45605 -0.246522
-0.392325 -0.545469
0.0203943 -0.440328
-0.910644 -1.02634
-0.398197 -0.975677
-0.189008 -1.48649
0.107337 -1.43656
-0.0306341 -0.759022
-0.366999 -0.996839
-1.65511 -2.1511
-2.18146 -3.32264
-1.59699 -3.14528
-1.45962 -2.45677
-2.35528 -1.4434
-2.48916 -2.18929
-1.45516 -1.70134
2.14068 -0.85434
2.07278 -1.18661
3.16756 -0.797774
1.52787 -1.07114
1.46429 -0.923913
1.93818 -1.05729
1.59893 -1.53905
1.41002 -0.883194
2.40323 -0.976567
2.27889 1.84904
2.89619 1.54137
2.52626 1.22081
2.62695 0.194109
-3.26763 -0.91334
-3.57025 -0.74846
-2.01778 -1.07646
-2.8247 -0.860875
-2.7972 -0.712317
-2.93109 -1.45821
-3.38693 -1.0324
-2.84424 -1.17901
0.763319 -1.94062
1.36213 -1.82283
1.43922 -2.135
-0.0318689 -2.38569
1.07127 -2.67962
0.150579 -2.11991
0.530819 -2.51596
0.542469 -2.36164
0.446923 -2.06997
1.48777 -2.58834
0.888288 -2.17527
0.699379 -1.51941
3.04143 4.29107
2.94479 4.42424
-2.86138 4.29661
-3.46097 3.48428
-2.47774 3.47026
-2.44088 3.35633
-3.13885 3.69268
-3.05271 3.14397
0.587315 3.53803
0.0705358 3.51757
1.15326 3.26152
0.489755 2.29081
-0.0355582 3.18427
0.0296809 3.05592
-1.98793 -4.14238
-1.40346 -3.96501
-2.23746 -4.59107
-1.61985 -4.32108
-2.5062 -4.25769
-1.67945 -3.8924
-2.29959 -3.53881
-1.84546 -4.40659
-1.17884 -3.19457
-1.40724 -3.64749
-1.06031 -3.78494
-1.33629 -3.71233
-0.807615 -3.56644
-0.58377 -4.17143
-1.0182 -3.40478
2.95506 -4.11159
2.36984 -3.90851
1.07955 5.74177
1.55897 5.47026
1.00682 5.28074
1.50448 5.75047
0.724664 5.68969
1.59015 -2.28368
1.53721 -2.33685
0.681746 -2.66464
0.860392 -3.21552
2.54049 -0.279832
2.70235 0.624642
2.80304 -0.402059
-3.64372 2.78538
-2.43406 2.85512
-2.91141 2.79952
-3.47145 2.22876
-2.8239 2.20832
-3.3216 2.99378
-3.7898 2.04426
-3.17165 2.30708
-3.23545 2.44507
0.932323 -5.33719
0.0635315 -5.21832
-0.818564 -5.40126
-0.312539 -5.1659
0.0128231 -4.80766
1.87887 -0.975382
1.95596 -1.28755
1.33397 -0.859916
1.73153 -0.432715
1.21835 -0.324602
1.27039 -0.712688
1.74428 -0.84606
1.21612 -0.671968
-1.01218 -2.94412
-1.47811 -3.71185
-1.16963 -3.46187
-0.640956 -3.31599
-0.19359 -2.97626
-0.881636 -4.13934
-0.851537 -3.15432
-4.29921 1.91022
-4.88589 1.56291
-4.61756 1.72572
-3.02992 4.37913
-3.62951 3.56679
-2.8972 3.58094
-2.60942 3.43885
-3.30739 3.77519
-3.15744 3.08849
4.98235 -3.826
5.22941 -3.71278
5.72367 -3.49239
4.80667 -3.59032
-0.968328 -0.0960782
-0.43065 0.268526
-1.23966 -0.952427
-1.18234 0.568189
-1.06369 -0.653648
-0.9742 -0.526286
-1.38597 0.222581
-3.62009 -1.89732
-3.90745 -0.928104
-4.35002 -1.01261
-3.26829 -1.63785
-3.71111 -1.69949
-3.72413 -1.21204
-4.9845 -0.933274
5.29461 -0.630599
5.0124 -1.31428
-1.10601 -1.53885
-1.02676 -1.1953
-1.67909 -1.18187
-0.937262 -1.06794
-1.80618 -0.831157
-1.03995 -1.35506
-1.00578 -2.15287
-0.569699 -0.851282
-0.906064 -1.0891
1.85382 3.06278
1.53082 3.22668
1.34075 3.90148
2.22369 4.04934
1.459 3.75736
2.28461 3.52545
1.86809 3.57052
1.66263 3.47187
0.783113 3.41937
2.39898 2.79496
2.07598 2.95886
2.58022 2.92977
2.45185 3.35716
2.76884 3.78152
2.97039 2.83059
3.27348 3.43265
2.82977 3.25763
2.41324 3.30269
-6.20466 0.893306
-6.04401 1.97828
-5.07974 1.66421
-0.657847 1.90947
0.278285 2.44907
-0.885423 2.72159
-0.582867 2.94333
-0.117276 2.82283
