3.54375 -3.58241 1 1
2.37905 0.708701 1 1
1.71579 -0.826388 1 1
1.02299 -3.89768 1 1
0.127841 -3.40354 1 1
5.60281 1.39398 1 1
2.06157 0.859199 1 1
3.17577 -0.742042 1 1
-2.44094 2.695 1 1
-3.38197 -3.49292 1 1
-4.45534 -3.03548 1 1
-3.22853 0.902455 1 1
2.42277 1.02705 1 1
-0.290753 -0.573782 1 1
3.34218 2.86531 1 1
0.452354 0.684502 1 1
-0.465304 3.44483 1 1
-0.894082 -1.47655 1 1
5.91531 0.218794 1 1
0.505993 -0.950431 1 1
-4.70003 1.79337 1 1
-2.69744 -1.43676 1 1
2.30887 -2.81354 1 1
-3.16343 2.19216 1 1
2.45933 -5.23885 1 1
-2.72306 7.34643 1 0
-0.60551 -2.84814 1 1
1.38061 -3.47687 1 1
-3.1636 -2.61735 1 1
-0.358566 -3.81638 1 1
-3.31508 1.17645 1 1
-4.80839 -0.410095 1 1
0.998255 1.12515 1 1
1.51327 0.263546 1 1
-4.77443 3.54977 1 1
-1.16846 -4.94145 1 1
1.82567 3.27657 1 1
3.24874 0.944948 1 1
0.992691 -1.86945 1 1
2.62142 -4.64048 1 1
-3.87651 -2.03712 1 1
-4.15528 -1.33934 1 1
4.69305 -0.485433 1 1
-4.14877 1.46352 1 1
-3.92101 3.09025 1 1
-2.93644 0.384248 1 1
3.78106 -2.50686 1 1
0.369417 0.202405 1 1
-3.22214 -4.97547 1 1
-1.7626 -5.21536 1 1
3.98684 0.787849 1 1
-3.32947 2.83066 1 1
-6.19036 2.64672 1 1
-1.4706 -3.17183 1 1
-0.221384 -1.54234 1 1
-3.68149 -1.08606 1 1
-2.69107 -2.62853 1 1
-0.525133 5.12361 1 1
-5.45026 0.0571395 1 1
-3.25668 4.95652 1 1
-4.8148 -4.52405 1 1
-2.23651 4.06652 1 1
-1.56319 -1.77935 1 1
-5.83081 4.0429 1 1
-2.8289 1.1395 1 1
0.103197 0.655546 1 1
-2.2408 1.33733 1 1
1.09925 1.90922 1 1
-2.68115 5.31747 1 1
-2.84607 -0.0618102 1 1
-3.10445 1.12186 1 1
-2.96994 6.10315 1 1
4.74791 -1.51243 1 1
1.92772 1.52697 1 1
3.19529 2.04497 1 1
1.12374 1.46731 1 1
4.62985 -1.87698 1 1
4.36446 0.492667 1 1
-2.188 -2.66371 1 1
3.42395 -2.53188 0 1
0.991265 -0.786798 0 1
3.23848 0.0712121 0 1
0.924776 3.34304 0 1
-0.100477 3.14812 0 1
-1.28064 -1.84323 0 1
3.42891 -0.539451 0 1
2.39919 3.9585 0 1
-1.46191 3.50279 0 1
-6.10289 -4.53418 0 0
-1.46713 0.703362 0 1
-3.66367 -0.440392 0 1
4.09302 2.53706 0 1
-1.80459 0.840885 0 1
-2.37593 2.28489 0 1
-4.70319 -3.79167 0 1
0.41768 1.93137 0 1
-2.59836 -6.50855 0 1
2.47617 6.61159 0 1
-5.16933 3.52511 0 1
-0.57556 7.00108 0 1
0.21198 -1.93348 0 1
1.40755 -3.72742 0 1
3.93991 1.33114 0 1
5.32623 1.65046 0 1
-3.19393 -0.106142 0 1
-1.87854 0.360518 0 1
-2.41072 5.77754 0 1
0.334379 -0.176906 0 1
4.26067 0.107108 0 1
-1.33303 -4.01556 0 1
1.32178 4.86502 0 1
2.84958 2.36073 0 1
2.28592 0.274372 0 1
2.51359 2.45263 0 1
0.856607 -6.82047 0 0
-2.45801 -0.0416009 0 1
0.548033 -2.8832 0 1
0.625453 5.38574 0 1
-4.22122 -0.977874 0 1
0.0990124 1.55233 0 1
1.06351 -1.61801 0 1
0.501856 5.30342 0 1
-4.43808 -1.07296 0 1
2.86182 2.4659 0 1
1.00074 -4.97527 0 1
5.90822 1.84482 0 1
2.04043 5.3017 0 1
-2.19016 -5.10288 0 1
0.760773 -1.30738 0 1
-1.62231 -1.01638 0 1
-0.156009 0.391299 0 1
0.634933 3.82547 0 1
-1.67516 -0.420388 0 1
-6.43478 1.73816 0 1
-4.97905 6.01504 0 0
-2.40435 2.48838 0 1
0.278009 -3.11033 0 1
-5.3947 -2.799 0 1
-0.655261 -3.09223 0 1
-4.77687 -4.66537 0 0
-0.546315 -5.21244 0 1
3.28449 -3.58316 0 1
-0.186004 -4.60012 0 1
-5.92092 1.02973 0 1
1.32802 -3.04919 0 1
-0.594849 -2.17029 0 1
-3.52015 1.32412 0 1
-3.59529 -2.97176 0 1
-6.26492 -2.32948 0 1
4.13806 1.2394 0 1
1.5335 2.67074 0 1
-2.82158 0.575952 0 1
5.14904 -1.34327 0 1
-1.64332 -2.38442 0 1
-2.55363 2.76087 0 1
-1.1046 -3.87152 0 1
-4.16005 0.0582862 0 1
-1.2247 4.31407 0 1
1.8976 -3.38306 0 1
-0.816188 0.267136 0 1
-1.40903 3.72748 0 1
-0.402416 -2.69328 0 1
-2.0741 -0.749344 0 1
2.80497 -1.84691 0 1
2.5845 0.130404 0 1
-1.52827 2.84759 0 1
-2.24319 0.489752 0 1
-0.0650982 -1.01088 0 1
-2.24143 -2.41989 0 1
2.03537 -1.00528 0 1
2.4828 1.33607 0 1
-3.12529 -0.957721 0 1
0.614076 -2.27772 0 1
3.07489 4.51336 0 1
-2.89633 3.72304 0 1
0.125805 3.03665 0 1
-1.85437 -4.05937 0 1
-1.16806 -3.69922 0 1
2.23096 -4.12757 0 1
1.51877 5.49103 0 1
0.915931 -2.57508 0 1
2.83499 0.143735 0 1
-3.26183 2.32524 0 1
0.0251254 -4.97167 0 1
1.64756 -0.582829 0 1
-0.834742 -3.19831 0 1
-4.91734 1.68817 0 1
-3.23341 3.88807 0 1
5.39556 -3.84881 0 1
-1.2171 -0.112101 0 1
-3.79969 -1.31701 0 1
5.01876 -1.01189 0 1
-1.14323 -1.1954 0 1
1.63267 3.76356 0 1
2.72299 3.22791 0 1
-5.84171 1.56514 0 1
-0.168109 2.57047 0 1

-0.719551 -0.0800553 1 1
2.246 -0.7034 1 1
5.79565 -2.43672 1 0
0.912563 -1.60351 1 1
6.83926 2.31393 1 0
2.47304 2.56265 1 1
2.07497 2.36201 1 1
-2.96103 0.607565 1 1
0.640323 5.99252 1 1
-1.0688 -1.88231 1 1
2.11019 -1.36794 1 1
-3.44049 -2.47764 1 1
3.70225 -0.885344 1 1
3.78578 -2.4231 1 1
8.22344 1.11256 1 1
2.26436 -1.99228 1 1
0.355805 0.649153 1 1
6.78562 -3.214 1 0
-2.97028 5.87642 1 1
-3.40997 -0.868959 1 1
2.41515 -5.52721 1 1
1.42897 2.68981 1 1
4.19354 2.24909 1 1
4.60483 0.270932 1 1
-1.26222 -1.79275 1 1
4.29976 -0.590268 1 1
1.02038 -1.137 1 1
5.98572 1.32597 1 1
-2.82644 4.87019 1 1
-4.18138 -2.90446 1 1
1.8155 -0.282601 1 1
4.56914 -3.80318 1 1
-4.02561 3.24551 1 1
4.1568 1.61934 1 1
3.49665 -2.81009 1 1
-5.46201 -0.463167 1 1
4.52329 2.0323 1 1
1.83952 -5.70271 1 1
5.57046 -0.249304 1 1
-2.46112 5.80385 1 1
3.30957 1.74668 1 1
-1.18963 -2.68993 1 1
0.105887 0.130227 1 1
-1.6063 3.385 1 1
-4.01521 -0.539199 1 1
3.55714 -3.36033 1 1
0.789134 -0.0663762 1 1
-1.64642 -3.59576 1 1
3.67916 -4.0956 1 1
-1.14759 1.24848 1 1
-0.196175 0.158669 1 1
-2.56099 3.27381 1 1
-2.42383 7.38059 1 1
-3.39966 -4.1695 1 1
-7.95148 2.99567 1 0
0.724679 2.32767 1 1
-3.68107 2.13228 1 1
1.91745 -2.88023 1 1
0.564825 5.64765 1 1
-6.56761 0.221475 1 1
5.06327 -3.57675 1 1
1.04883 4.03941 1 1
-2.53108 1.8719 1 1
-2.12148 -4.22539 1 1
5.78327 -0.326905 1 1
-2.33537 0.709139 1 1
1.59918 5.44949 1 1
-0.952554 -3.87066 1 1
-1.1317 5.94327 1 1
-1.36981 1.99675 1 1
3.00797 4.06877 1 1
-0.910284 -1.19519 1 1
5.22221 1.79491 1 1
0.494877 5.07046 1 1
1.00363 -0.144669 1 1
-2.21496 -1.16834 1 1
-2.62054 -5.12278 1 1
6.05177 -3.13598 1 1
-1.60274 2.87272 1 1
0.0152667 3.99848 0 1
1.49018 6.00991 0 1
-0.997625 3.31619 0 1
-0.677813 -2.49365 0 1
-2.52412 -0.764029 0 1
4.14314 -0.31022 0 1
0.101938 -5.46496 0 1
-0.276651 1.13748 0 1
-0.0694404 5.88835 0 1
4.29869 5.20926 0 0
0.413509 1.85333 0 1
4.74221 3.00473 0 1
2.43746 2.63162 0 1
5.40362 0.0136579 0 1
2.18071 3.4864 0 1
4.79177 -2.53617 0 1
-1.38532 -4.5828 0 1
-3.9682 5.4785 0 1
-1.27223 4.69272 0 1
0.893224 -0.842547 0 1
4.40052 -4.62647 0 1
-2.05915 3.21748 0 1
2.8147 4.33513 0 1
-5.73115 -0.559721 0 1
-2.38598 2.09141 0 1
-1.98542 2.98963 0 1
0.601587 4.48398 0 1
-1.75619 -1.04179 0 1
3.2178 2.43327 0 1
1.28534 3.75116 0 1
-3.38138 3.66232 0 1
-3.15802 -4.45601 0 1
3.82397 3.63738 0 1
4.70297 -2.01932 0 1
2.93656 3.28734 0 1
-1.50452 -3.72544 0 1
5.00604 -1.61667 0 1
-8.99009 -0.279059 0 0
-4.85443 1.43765 0 1
-0.731296 -0.94047 0 1
-6.2463 2.39143 0 1
-0.447171 -3.43367 0 1
5.82181 0.50136 0 1
-2.46912 -0.466912 0 1
-3.22736 -3.0748 0 1
4.26312 0.325401 0 1
-4.90034 -0.708213 0 1
3.16991 1.15084 0 1
-2.03326 0.898587 0 1
1.52847 -3.08152 0 1
-0.12644 0.280659 0 1
-2.74481 -3.01825 0 1
-4.31777 1.76328 0 1
-2.73689 -1.9587 0 1
-3.62253 -2.08196 0 1
-5.24342 -1.80007 0 1
3.12453 -2.78256 0 1
-1.66225 -5.83085 0 1
-3.08147 2.28892 0 1
-0.107065 7.07746 0 1
6.58637 -0.772931 0 1
-3.20908 2.5649 0 1
-0.312918 -1.9621 0 1
-1.83654 -4.7538 0 1
-5.78236 2.84005 0 1
-1.55484 0.557263 0 1
1.84099 -1.10929 0 1
-4.7566 0.51119 0 1
2.1585 -2.09862 0 1
2.56971 1.10555 0 1
0.447562 -2.75421 0 1
-0.0679891 5.33191 0 1
2.50872 -3.68945 0 1
-0.650204 -5.36014 0 1
-3.64857 -1.10707 0 1
3.90647 0.840214 0 1
-6.1693 -0.549538 0 1
4.03465 -3.8904 0 1
-0.0751049 0.596374 0 1
0.000520813 -4.64364 0 1
4.21942 2.40667 0 1
3.00401 -2.15821 0 1
0.470861 -2.44557 0 1
2.1035 3.37748 0 1
0.986753 -5.25073 0 1
0.016305 -0.456314 0 1
2.08438 6.51546 0 1
0.804854 -3.85596 0 1
-4.91292 -3.75243 0 1
-0.936665 -1.51472 0 1
0.279771 -1.86223 0 1
4.21778 -3.33183 0 1
3.75655 -1.45778 0 1
0.853706 1.54497 0 1
3.78376 -4.04664 0 1
1.69259 3.18019 0 1
6.84651 2.2594 0 1
-0.344802 0.838501 0 1
2.36147 -2.89897 0 1
4.56142 0.43476 0 1
0.266735 -2.91462 0 1
1.1625 -2.07283 0 1
4.18093 -0.904099 0 1
0.784683 -0.761107 0 1
-0.196921 3.33189 0 1
3.38332 -1.48994 0 1
2.94125 -0.47381 0 1
2.77109 -0.947853 0 1
8.2153 -0.222717 0 0
-0.92853 -5.08037 0 1
-0.868332 -3.11033 0 1
-2.5632 -1.40029 0 1
3.62566 -1.67395 0 1
0.00382993 -0.507161 0 1
0.681358 -5.47181 0 1
-0.668899 -0.982796 0 1
-0.0664432 3.07519 0 1
-5.56168 -2.49138 0 1
